-100000195
-1000003190
-1000005126
-1000010340
-1000011230
-1000012172
-100001326
-1000014684
-1000016766
-1000016795
-1000018840
-1000019236
-1000019866
-1000020040
-1000020216
-1000021002
-1000023256
-1000023466
-1000024196
-1000024990
-100002725
-1000027606
-1000028695
-1000029046
-100003103
-1000031232
-1000031986
-1000033433
-1000034610
-1000034623
-1000035533
-1000035704
-1000036788
-1000037295
-1000037946
-1000038173
-1000040228
-1000041248
-1000043986
-1000044070
-1000045050
-1000045428
-1000046108
-1000046706
-100004730
-1000048363
-1000049216
-1000049782
-1000049852
-1000051173
-1000051773
-1000052276
-1000052922
-1000053753
-1000053795
-1000054630
-100005485
-100005550
-1000056778
-1000059868
-1000061676
-1000061935
-1000064068
-100006433
-1000066665
-1000067964
-1000068174
-1000068664
-1000071823
-1000072572
-1000072798
-1000074143
-1000075803
-1000076280
-1000076444
-1000076723
-1000077904
-1000081030
-1000082420
-1000084012
-1000088903
-1000090973
-100009160
-1000093518
-1000095745
-1000096873
-1000096908
-1000097564
-1000099373
-1000100685
-100010228
-1000103285
-1000104285
-1000105796
-100010663
-1000106733
-100010715
-1000107704
-1000108402
-1000109188
-1000109546
-1000111006
-1000111240
-1000112203
-1000115260
-1000117335
-1000120532
-1000121455
-1000121734
-1000122125
-1000124538
-1000124563
-1000126073
-1000126302
-1000129342
-1000129550
-1000130058
-10001305
-1000131113
-1000132488
-1000135310
-100013574
-1000137216
-1000138702
-1000139412
-1000139626
-1000140893
-1000143590
-1000144530
-100014526
-100014672
-1000146884
-100014713
-1000147203
-1000147393
-1000148428
-1000149355
-1000151904
-1000156085
-1000156103
-1000156142
-100015628
-1000157716
-1000161084
-100016110
-1000161192
-1000161535
-1000162293
-1000163356
-1000163640
-1000164154
-1000164740
-1000165053
-1000166070
-1000166172
-1000166232
-1000166644
-1000169025
-1000169410
-1000169922
-1000173635
-100017576
-100017656
-1000180095
-1000181126
-1000183196
-1000184005
-1000193490
-1000195123
-1000195768
-1000195825
-1000196275
-1000196295
-1000201483
-1000201724
-1000201986
-1000203018
-1000203532
-1000205636
-1000205974
-1000205996
-1000206122
-1000207415
-1000208750
-1000208926
-1000211023
-100021374
-1000214394
-100021448
-1000216088
-1000217213
-1000217843
-1000218466
-1000218794
-1000219155
-1000222156
-1000224404
-1000224865
-1000226906
-10002283
-1000230885
-1000231123
-1000234796
-1000237888
-1000237903
-1000241358
-1000242408
-1000244372
-1000244863
-1000245168
-1000245344
-1000246878
-1000247012
-1000250268
-1000252654
-1000254950
-1000255450
-1000255466
-1000256103
-1000256762
-1000257615
-1000260184
-1000261743
-1000261762
-1000263085
-1000263503
-1000263622
-1000265114
-1000265133
-100026748
-100026823
-1000269466
-1000269845
-1000270042
-1000270860
-1000270933
-1000272938
-1000274790
-1000275072
-1000276320
-1000276384
-1000276725
-1000278194
-1000278862
-1000279002
-1000279423
-100027976
-1000284816
-1000285155
-1000285992
-100028620
-1000286436
-1000286653
-1000287240
-100028903
-1000290695
-1000291608
-1000294508
-1000296315
-1000297954
-100029968
1000000775
1000000944
1000001646
1000003095
100000335
1000005024
1000005908
100000597
100000704
1000007575
100000784
1000008434
1000009236
1000010478
100001076
1000010798
1000011142
1000011562
1000012088
1000013277
100001336
1000013790
1000016795
1000017915
1000017975
1000018536
100001968
1000019990
1000020798
1000021045
1000021066
1000021156
1000022188
1000022292
1000023007
1000024842
10000268
100003350
1000033782
1000035460
1000035654
1000036295
1000037408
1000037708
1000037725
1000039487
1000040247
1000040705
1000042182
1000044188
1000044554
1000044614
1000045396
1000046695
1000051858
1000053744
1000056116
1000058084
1000058205
1000058886
1000060250
1000060774
1000062982
10000642
1000065284
1000065660
1000069856
1000070540
1000071034
1000071080
1000072318
1000073348
100007390
1000075346
1000076365
1000076588
1000076825
1000077396
1000079047
1000080646
1000080756
1000081444
1000082084
1000082670
1000083985
1000087915
1000088666
1000090624
1000092070
1000093150
1000093276
1000093607
1000093844
1000094737
1000096442
1000098412
1000098750
1000100192
1000101072
1000108890
1000109338
1000110166
1000110638
1000111182
1000112710
1000113282
1000117255
1000119280
1000119346
1000119488
100011964
1000121027
1000123332
1000125377
1000126230
1000129266
1000129556
1000130202
1000131710
100013347
1000134070
1000137228
1000140547
1000140568
1000146364
1000146757
1000147256
1000147884
1000151432
1000151457
1000153224
1000154506
1000156297
1000157637
100015940
1000159460
1000159737
1000165348
1000165616
1000165714
100016734
1000168655
1000169937
1000169987
1000170982
1000171526
1000173695
1000173756
1000174735
1000175618
1000179450
1000180236
1000180555
1000180728
1000181015
1000181378
1000194646
1000194707
1000199847
1000199887
1000200034
1000200108
1000201968
1000202355
1000203046
1000203675
1000204617
1000208032
100020837
1000208392
1000209615
100021056
1000212652
1000212685
1000212914
1000213062
1000213826
1000214520
1000214714
1000218850
1000220550
1000221552
1000222552
1000223445
100022647
1000228574
1000230595
1000231040
1000231450
1000232210
1000232417
100023448
10002388
1000238947
1000239102
1000240607
1000240956
1000242945
1000243120
1000244088
1000245396
1000245652
10002477
1000249160
1000252515
1000252584
1000253097
1000253470
1000253914
1000253984
1000253994
1000255600
1000260784
1000260790
1000261177
1000262047
1000262135
1000266896
1000267988
1000269750
1000270920
1000273166
1000274116
1000274516
1000274614
100027560
1000278087
1000281217
1000281677
100028255
1000284390
1000289218
1000289864
1000289936
1000290147
1000290225
1000290580
1000291902
1000292368
1000293737
1000295167
1000296384
1000298064
1000299474
1000300006

